
     ,o888888o.     8 8888 8 8888888888   8 888888888o.
    8888     `88.   8 8888 8 8888         8 8888    `88.
 ,8 8888       `8.  8 8888 8 8888         8 8888     `88
 88 8888            8 8888 8 8888         8 8888     ,88
 88 8888            8 8888 8 888888888888 8 8888.   ,88'
 88 8888            8 8888 8 8888         8 888888888P'
 88 8888   8888888  8 8888 8 8888         8 8888`8b
 `8 8888       .8'  8 8888 8 8888         8 8888 `8b.
    8888     ,88'   8 8888 8 8888         8 8888   `8b.
     `8888888P'     8 8888 8 8888         8 8888     `88.
